true_label;pred_label_model_0;pred_label_model_1;pred_label_model_2;pred_label_model_3;pred_label_model_4;pred_label_model_5;pred_label_model_6;pred_label_model_7;pred_label_model_8;pred_label_model_9;pred_label_model_10;pred_label_model_11;pred_label_model_12;pred_label_model_13;pred_label_model_14;pred_label_model_15;pred_label_model_16;pred_label_model_17;pred_label_model_18;pred_label_model_19;pred_label_model_20;pred_label_model_21;pred_label_model_22;pred_label_model_23;pred_label_model_24;pred_label_model_25;pred_label_model_26;pred_label_model_27;pred_label_model_28;pred_label_model_29;pred_label_model_30;pred_label_model_31;pred_label_model_32;pred_label_model_33;pred_label_model_34;pred_label_model_35;pred_label_model_36;pred_label_model_37;pred_label_model_38;pred_label_model_39;pred_label_model_40;pred_label_model_41;pred_label_model_42;pred_label_model_43;pred_label_model_44;pred_label_model_45;pred_label_model_46;pred_label_model_47;pred_label_model_48;pred_label_model_49;pred_label_model_50;pred_label_model_51;pred_label_model_52;pred_label_model_53;pred_label_model_54;pred_label_model_55;pred_label_model_56;pred_label_model_57;pred_label_model_58;pred_label_model_59;pred_label_model_60;pred_label_model_61;pred_label_model_62;pred_label_model_63;pred_label_model_64;pred_label_model_65;pred_label_model_66;pred_label_model_67;pred_label_model_68;pred_label_model_69;pred_label_model_70;pred_label_model_71;pred_label_model_72;pred_label_model_73;pred_label_model_74;pred_label_model_75;pred_label_model_76;pred_label_model_77;pred_label_model_78;pred_label_model_79;pred_label_model_80;pred_label_model_81;pred_label_model_82;pred_label_model_83;pred_label_model_84;pred_label_model_85;pred_label_model_86;pred_label_model_87;pred_label_model_88;pred_label_model_89;pred_label_model_90;pred_label_model_91;pred_label_model_92;pred_label_model_93;pred_label_model_94;pred_label_model_95;pred_label_model_96;pred_label_model_97;pred_label_model_98;pred_label_model_99;pred_label_model_100;pred_label_model_101;pred_label_model_102;pred_label_model_103;pred_label_model_104;pred_label_model_105;pred_label_model_106;pred_label_model_107;pred_label_model_108;pred_label_model_109;pred_label_model_110;pred_label_model_111;pred_label_model_112;pred_label_model_113;pred_label_model_114;pred_label_model_115;pred_label_model_116;pred_label_model_117;pred_label_model_118;pred_label_model_119;pred_label_model_120;pred_label_model_121;pred_label_model_122;pred_label_model_123;pred_label_model_124;pred_label_model_125;pred_label_model_126;pred_label_model_127;pred_label_model_128;pred_label_model_129;pred_label_model_130;pred_label_model_131;pred_label_model_132;pred_label_model_133;pred_label_model_134;pred_label_model_135;pred_label_model_136;pred_label_model_137;pred_label_model_138;pred_label_model_139;pred_label_model_140;pred_label_model_141;pred_label_model_142;pred_label_model_143;pred_label_model_144;pred_label_model_145;pred_label_model_146;pred_label_model_147;pred_label_model_148;pred_label_model_149;pred_label_model_150;pred_label_model_151;pred_label_model_152;pred_label_model_153;pred_label_model_154;pred_label_model_155;pred_label_model_156;pred_label_model_157;pred_label_model_158;pred_label_model_159;pred_label_model_160;pred_label_model_161;pred_label_model_162;pred_label_model_163;pred_label_model_164;pred_label_model_165;pred_label_model_166;pred_label_model_167;pred_label_model_168;pred_label_model_169;pred_label_model_170;pred_label_model_171;pred_label_model_172;pred_label_model_173;pred_label_model_174;pred_label_model_175;pred_label_model_176;pred_label_model_177;pred_label_model_178;pred_label_model_179;pred_label_model_180;pred_label_model_181;pred_label_model_182;pred_label_model_183;pred_label_model_184;pred_label_model_185;pred_label_model_186;pred_label_model_187;pred_label_model_188;pred_label_model_189;pred_label_model_190;pred_label_model_191;pred_label_model_192;pred_label_model_193;pred_label_model_194;pred_label_model_195;pred_label_model_196;pred_label_model_197;pred_label_model_198;pred_label_model_199
;0.8096453571566694;0.7926673628031095;0.794949143365433;0.8106122133271455;0.8065900916579649;0.8096840314034884;0.7874850137293576;0.7935181962331284;0.803032060950613;0.8023745987546893;0.7969215299532042;0.7955679313145376;0.8066674401516031;0.8144022895154117;0.8104188420930503;0.8118111149785358;0.8105735390803264;0.7863247863247863;0.8200874037978111;0.799396681749623;0.790578953474881;0.7830761495919867;0.8044630080829176;0.8176509262482113;0.7853579301543102;0.7619600108287891;0.8140542212940403;0.7930541052712998;0.8053138415129365;0.7613025486328654;0.7852032331670341;0.8122365316935453;0.8020265305333178;0.7734075878872259;0.808446455505279;0.7903082337471478;0.8103801678462312;0.810186796612136;0.7551146691418185;0.8074022508411649;0.8140928955408594;0.8205128205128205;0.7901535367598717;0.7893413775766717;0.812004486212631;0.7445565997602197;0.7848551649456627;0.8033027806783463;0.7790153536759872;0.7640097459101984;0.7951425145995282;0.8147503577367831;0.7987778938005182;0.805777932474765;0.7775457322968635;0.7975016436554898;0.8114243725103454;0.8005955834010132;0.8014850910778513;0.8107669103144216;0.8223691843601346;0.775225277487721;0.7877557334570909;0.7936342189735854;0.7992806590091658;0.8128166453958309;0.7761534594113779;0.8181150172100399;0.775341300228178;0.7998220984646324;0.8074409250879839;0.7452527362029624;0.8016397880651275;0.6594732567583246;0.803070735197432;0.8004408864137371;0.8138995243067642;0.8157558881540782;0.7901922110066907;0.7828441041110724;0.8127779711490118;0.6595119310051437;0.7988165680473372;0.7975789921491279;0.8179603202227637;0.803032060950613;0.7826894071237963;0.8118884634721739;0.8144409637622307;0.8135127818385737;0.8104188420930503;0.7922419460881;0.7908496732026143;0.7881811501721004;0.7858220211161387;0.8085238039989171;0.7806396720423869;0.8108829330548788;0.7925900143094713;0.7843523997370151;0.7988552422941563;0.8067834628920602;0.7869822485207101;0.8124685771744595;0.7952972115868043;0.8225625555942297;0.8097613798971265;0.7781645202459682;0.8130486908767451;0.8022199017674131;0.7972309239277565;0.8046950535638319;0.8010210001160227;0.8045403565765556;0.7870595970143481;0.8025679699887844;0.8000928181923657;0.7928994082840237;0.8095680086630312;0.8096066829098504;0.8025292957419654;0.8156785396604401;0.7473411455311908;0.816529373090459;0.7963414162509185;0.810186796612136;0.7768495958541207;0.8029933867037939;0.7469544030630003;0.8050817960320222;0.7635456549483699;0.7874850137293576;0.8127006226553738;0.797656340642766;0.7832308465792629;0.7754959972154543;0.8046563793170128;0.7912750899176239;0.796805507212747;0.787871756197548;0.8051978187724794;0.7623080790501605;0.7721700119890165;0.799396681749623;0.763661677688827;0.8008276288819275;0.7652086475615887;0.796766832965928;0.8183857369377732;0.7688440267625788;0.8185017596782302;0.79951270449008;0.6625671965038481;0.6138763197586727;0.8130100166299261;0.742197470704258;0.6050972657307498;0.7882584986657385;0.7914684611517191;0.8114630467571644;0.8071315311134316;0.7701589511544262;0.8042696368488224;0.7571257299764087;0.8094906601693932;0.8060099779556793;0.7927833855435665;0.8153304714390687;0.818308388444135;0.8004795606605561;0.7975789921491279;0.8035348261592605;0.7971922496809375;0.8037668716401748;0.7722473604826546;0.7450980392156863;0.8140928955408594;0.8076729705688982;0.8007116061414704;0.7892253548362146;0.8046950535638319;0.7612252001392273;0.8063967204238698;0.7804076265614727;0.8273968364466102;0.803882894380632;0.7274625826662026;0.8020652047801369;0.7975789921491279;0.7780871717523301;0.7845070967242913;0.7761534594113779;0.8002861894264609;0.798584522566423;0.8083304327648219;0.7968828557063852;0.8135127818385737;0.729628340488069;0.7477278879993812;0.7311366361140117
